val_running_mpjpe:5.7253029281959105
val_mpjpe_list:[5.71898548 5.72030754 5.7230106  5.72487041 5.72551493 5.72608551
 5.72719143 5.72947849 5.7295493  5.72798925]
