val_running_mpjpe_avg10_cam3:5.93108027914559
val_running_mpjpe_avg10_cam2:5.625246866664521
val_running_mpjpe_cam3:5.916597453853147
val_running_mpjpe_cam2:5.840689638656702
val_mpjpe_list_cam3:[5.89546237 5.94492591 6.00495231 6.03628731 5.97243063 5.92162749
 5.88303144 5.85002134 5.88546653 5.91659745]
val_mpjpe_list_cam2:[5.3962649  5.4990698  5.56560713 5.65617795 5.67952442 5.69223654
 5.65715991 5.62085993 5.64487846 5.84068964]
mpjpe_3d_list:[71.15073557 71.04888937 70.74968781 71.01174108 72.0735642  74.00583634
75.90760842 77.87819389 80.5783625  84.349355]
