val_running_mpjpe_avg10:5.863017305554908
val_running_mpjpe:5.84361393002774
val_mpjpe_list:[5.76139193 5.79011066 5.81725045 5.84343135 5.896066   5.94486489
 5.93200202 5.91744941 5.88399242 5.84361393]
