val_running_mpjpe_avg10:5.627899461802175
val_running_mpjpe:5.522154430509057
val_mpjpe_list:[5.80346743 5.73680218 5.70243484 5.61908887 5.61026066 5.59700109
 5.59375573 5.55951449 5.5345149  5.52215443]
