val_running_mpjpe_avg10:8.015546681267907
val_running_mpjpe:5.930561795737179
val_mpjpe_list:[15.27749962  9.896231    8.7463126   7.90452345  7.16394268  6.68080832
  6.37496316  6.15290571  6.02771848  5.9305618 ]
