val_running_mpjpe_avg10:5.033381205314366
val_running_mpjpe:5.472392224699639
val_mpjpe_list:[4.64849825 4.80658405 5.00697983 5.23248795 5.47239222]
