val_running_mpjpe:5.034604321330895
val_lastbin_mpjpe:5.032389650809188
val_mpjpe_list:[5.03332938 5.02943901 5.03870562 5.04159467 5.03413161 5.03561627
 5.03155145 5.03109182 5.03819372 5.03238965]
