val_cnn_mpjpe:4.188772273474878
val_mpjpe_list:[4.2670029  4.42567649 4.62816606 4.85620633 5.099629]
