val_running_mpjpe_avg10:5.192226295560888
val_running_mpjpe:5.173880922028423
val_mpjpe_list:[5.15929103 5.19460402 5.2557866  5.28483469 5.24129636 5.19361085
 5.15001992 5.13151473 5.13742385 5.17388092]
ablation_mpjpe_list:[5.07909609 5.18981178 5.33772302 5.51068347 5.70127448 5.90185137
 6.1079695  6.31787701 6.53080218 6.74327665]
